genus_Akkermansia genus_Alistipes genus_Anaerotruncus genus_Anaerovorax genus_Bacteroides genus_Barnesiella genus_Bilophila genus_Blautia genus_Butyricicoccus genus_Butyricimonas genus_Clostridium.IV genus_Clostridium.XI genus_Clostridium.XVIII genus_Clostridium.XlVa genus_Clostridium.XlVb genus_Clostridium.sensu.stricto genus_Collinsella genus_Coprococcus genus_Dorea genus_Eggerthella genus_Erysipelotrichaceae_incertae_sedis genus_Faecalibacterium genus_Flavonifractor genus_Holdemania genus_Lachnospiracea_incertae_sedis genus_Odoribacter genus_Oscillibacter genus_Parabacteroides genus_Parasutterella genus_Phascolarctobacterium genus_Prevotella genus_Pseudoflavonifractor genus_Roseburia genus_Ruminococcus genus_Streptococcus genus_Veillonella genus_unclassified_Bacteria genus_unclassified_Clostridiales genus_unclassified_Clostridiales_Incertae.Sedis.XIII genus_unclassified_Coriobacteriaceae genus_unclassified_Erysipelotrichaceae genus_unclassified_Firmicutes genus_unclassified_Lachnospiraceae genus_unclassified_Porphyromonadaceae genus_unclassified_Ruminococcaceae
ZIS22OE-02 0.001757095 0.079175763 0.00181034 0.000106491 0.455034343 0.067728023 0.000958415 0.02742133 0.001277887 0 0.000266227 5.32e-05 0.000319472 0.000532453 0.001118151 0.000106491 0.018955327 0.002449284 0.001597359 0.000159736 0.000372717 0.067568287 0.00079868 5.32e-05 0.017251478 0.001544114 0.032692615 0.049358394 0.027208349 0.008466003 5.32e-05 0.000159736 0.006762153 0.013737288 0.000319472 0 0.012725627 0.031893935 0 0.001437623 0.001064906 0.002023321 0.024918801 0 0.02119163
ZJOSZHK-01 0 0.067094868 0.00018093 0 0.49855256 0.034316386 0.00030155 0.016434473 0.00108558 0 0 0 6.03e-05 0.00235209 0.000150775 0 0 0.00253302 0.004824799 0.000452325 0.00048248 0.054399614 0.000271395 3.02e-05 0.04622761 0.007146734 0.04779567 0.025631747 0 0.019751523 3.02e-05 0 0.000150775 0 0.000512635 9.05e-05 0.003286895 0.005789759 6.03e-05 0.00072372 0.001477595 0.00030155 0.039141186 0 0.026626862
ZJXC41N-03 0.004413647 0.096570596 0.000176546 0 0.186520722 0 0 0.002913007 0.000397228 0.001765459 0.001412367 0.000573774 0 0.000308955 0.000132409 0.000220682 0.000573774 0.001412367 0.000529638 0.000132409 0.001147548 0.012843713 0.000264819 4.41e-05 0.007238381 0.001942005 0.05614159 0.036942225 0.005208103 0.001809595 0.000353092 0.000220682 0.001588913 0.005031558 0 0.000706184 0.036809816 0.403186653 0.000132409 4.41e-05 0 0.004281238 0.012799576 0 0.097806417
ZK112BX-01 0.003413741 0.00601361 0.000158253 0.000316506 0.086157394 0.00924649 0.000339113 0.051454796 0.004544119 0.000723442 0.000949517 0.003391133 0 0.000452151 0.001537314 2.26e-05 0.042660457 0.008613479 0.025953474 0.000158253 9.04e-05 0.069925169 0.004589334 9.04e-05 0.052268668 0.000565189 0.007505708 0.009223883 0.000271291 0.000203468 0.020098117 0 0.007189203 0.033707865 0.000429544 4.52e-05 0.041643117 0.01433319 0.002622476 0.002283363 0.013722786 0.018108652 0.048334954 0 0.030022834
ZK4CK8Y-01 0.021874815 0.040264624 0.000413475 0.000433165 0.080017327 0.00112229 0.000511922 0.010829117 0.000255961 0.001260115 0.010080923 0.001555455 0.001279805 0.000669436 0.000748194 5.91e-05 0.003248735 0.002500541 0.001634212 0 0.000118136 0.092520034 0.000255961 3.94e-05 0.068735356 0.009549312 0.024651007 0.193565536 0.010927563 0.003406249 1.97e-05 0.000255961 0.003071531 0.00253992 0.005394869 0.000315029 0.088247455 0.109039359 0.000315029 0.001240426 0.01837012 0.015928646 0.072456634 0.001220737 0.081749985
ZKFV71L-01 0.001252826 0.023498136 9.17e-05 0.000977816 0.247723523 0.008861456 0.000122227 0.013842205 0.002475096 0.002261199 0.001252826 0.000611135 0.001252826 0.000366681 0.000977816 0.003208458 0.000488908 0.001680621 0.003697366 0.001008373 0.000213897 0.070372181 0.000458351 0 0.074650125 0.003666809 0.019770213 0.011886573 0.008464218 0 0 0.000977816 0.0054391 0.035506936 0.001680621 0.000916702 0.108690338 0.05818004 0.000519465 0.001283383 0.009869828 0.006172462 0.11064597 0.050357514 0.083419911
ZL63I8R-04 0.034366104 0.094970915 0.000206279 4.13e-05 0.595569124 0 0 0.011097818 0.000247535 0 0.01670861 0 0.000330047 0.001939024 0.003589257 0 0.002846652 0.00523949 0.001361442 0.000165023 4.13e-05 0.02145303 0.000742605 4.13e-05 0.04063699 0.000866372 0.022814473 0.00375428 0.019266471 0.043153595 0 0.000330047 0.007137258 0 0 0 0.00523949 0.001113907 8.25e-05 0.001361442 0.00474442 0.000825117 0.022113123 0 0.034819918
ZL9BTWF-04 0.069480204 0.011119818 0 0.000111944 0.13231837 0 0 0.01500056 0.002835927 0.000522408 0.001455278 0 3.73e-05 0.004776298 0.001306019 0.000186574 0.002313519 0.001753797 0.004813612 0 0.003992686 0.013545282 0.000485093 7.46e-05 0.031754916 0 0.00115676 0.025709915 0.037501399 0.02977723 0.495503564 0 0.010448151 0 0.00432852 0.000485093 0.011903429 0.001940371 0.000149259 0.000186574 0.008022687 0.004813612 0.039553715 0 0.022165006
ZLGD9M0-05 0.11277514 0.009559776 0.000345274 0.000280535 0.140310747 0.003754855 0.000539491 0.037009063 0.001467415 0 0.001855848 0.051899007 4.32e-05 0.000798446 0.000107898 0.00640915 0 0.004315926 0.029715149 0.000366854 0.000388433 0.021795425 0.00056107 0.001402676 0.065602072 0.000517911 0.014285714 0.005006474 6.47e-05 0.022356495 0.000129478 0.001661631 0.027017695 0.027470868 0.025312905 0.000323694 0.015817868 0.025981873 0.003323263 0.002611135 0.01512732 0.005179111 0.07788088 8.63e-05 0.152762192
ZLPRB8E-06 0.00139377 0.062840868 6.06e-05 6.06e-05 0.386256211 0.029026785 0 0.00424191 0.00187856 0.002969337 0.060174524 0.000121197 0 0.000363592 0.001454369 0 0.000969579 0.004969095 0.000727185 0.000121197 0 0.048418374 0.000424191 0 0.037510605 0.005938674 0.046055024 0.017997818 0.010786571 0 0 0 0.011937947 0.002484547 0.000181796 0.000363592 0.026966428 0.07502121 0.000121197 6.06e-05 0.001696764 0.026542237 0.034662465 0.001272573 0.075808993
ZLPZS0H-05 0 0.023090909 6.06e-05 0 0.612424242 0 0.000424242 0.007515152 0.001090909 0.000545455 0.007515152 0.000484848 0 0.000121212 0.001515152 0 0.01 0.010363636 0.002606061 0.000909091 0.004242424 0.115878788 0.000424242 6.06e-05 0.039818182 0.000727273 0.010727273 0.009090909 0.00369697 0.010424242 0 0.000181818 0.016424242 0.007515152 0.000121212 0 0.007939394 0.001515152 0 0.000545455 0.002 0.000484848 0.043333333 0.001393939 0.014727273
ZLTUJTN-05 0 0.007980503 0.003058396 0 0.116744719 0 0.000430087 0.104081048 0.001576986 0 0.0003823 0 4.78e-05 0.003201759 0.011612348 0 0.013093759 9.56e-05 0.006594667 0.000334512 0.000860174 0.048647615 0.001481411 0 0.118704005 0 0.05342636 0.100783714 0 0 0.025518494 0.000525662 0.006451305 0.015435344 0.006069005 0 0.011182261 0.007693778 4.78e-05 0.002293797 0.00578228 0.001051324 0.051036987 0.010895537 0.194590462
ZLYEM2C-01 0.025697267 0.027085765 0.000362217 0.003300197 0.162675575 0.000181108 0.004869803 0.010625025 0.001690345 0.000523202 0.011329336 0.006861995 0.000885419 0.000120739 0.000664064 0.000925665 0.003843522 0.002354409 0.005513744 0.001308005 0.002032439 0.033847145 0.000120739 4.02e-05 0.06016823 0.003038596 0.022819656 0.019982292 6.04e-05 0.000160985 0.00484968 0.001026281 0.003481306 0.010604902 0.000181108 0 0.125568479 0.062643377 0.000482956 0.004064877 0.012395863 0.017969976 0.066205176 0.034672194 0.210427818
ZLZNCLZ-01 8.21e-05 0.020746093 0.000957933 0.001368476 0.116101486 0.009305635 0.001532693 0.028026384 0.003776993 0.000109478 0.061362454 0.07064072 0.003558037 0.00057476 0.001231628 0.000903194 2.74e-05 0.005035991 0.004297014 5.47e-05 0.000246326 0.117141528 0.001012672 0.000218956 0.146290062 0.000492651 0.003530668 0.014971125 0 0.009415113 5.47e-05 2.74e-05 0.004269644 0.005035991 0.00057476 0.000328434 0.187289597 0.010810959 0.000164217 0.00112215 0.00169691 0.011768892 0.080521116 0 0.041355338
ZLZQMEV-01 0.069456842 0.037543941 0.000154275 0.000330589 0.478803707 0 0.003515268 0.026832843 0.000517923 0 0.056167146 0.001939458 0.000198354 0.001465613 0.001101965 0 2.2e-05 0.006027747 0.00532249 0.000286511 0.016672727 0.023945695 0.001035847 0.000165295 0.024375461 0 0.036838683 0.040012342 0 0.009509956 0.000396707 0.000231413 0.006666887 0.009774428 0.022061335 0.00971933 0.003878916 0.003845857 0.001355417 0.003008364 0.002997344 0.000595061 0.040133558 0.001300318 0.034789029
ZM7JY3G-01 0.000146302 0.021116286 0.000170686 4.88e-05 0.480651533 0.006632367 0.001194801 0.010533759 0.003535637 0.004242764 0.003511253 0.002535905 0 0.002048231 9.75e-05 0.000146302 0.00112165 0.013094048 0.005852088 0.001365487 0.004852357 0.046036429 0.000780278 2.44e-05 0.051303309 0.001219185 0.01502036 0.018409695 0 2.44e-05 0.011484724 0.000121919 0.018434079 0.005852088 0.002072615 0.001267953 0.090390383 0.039111458 0.000390139 0.000950964 0.002974812 0.001024115 0.027431665 0 0.074857965
ZM8YXDM-01 0 0.038656171 7.03e-05 0.00035142 0.413129041 0.008715209 0.000491988 0.047582232 0.000773123 0.001124543 0 0 0.011948271 0.001475963 0.002178802 0.002038234 0.000702839 0.003233062 0.005411864 0.000632556 0.000702839 0.050112454 0.000843407 0.000140568 0.136631993 0.006676975 0.004146753 0.038726455 0.000140568 0.005903852 0 0 0.01602474 0.028394715 0.000210852 0 0.038937307 0.000562272 0.000421704 0.000281136 0.010753444 0.002881642 0.042802924 0.00267079 0.049128479
ZMBH10Z-01 0.087893444 0.067103897 0.000151933 0.000177256 0.388164392 0.007115545 0.000405156 0.010559368 0.001797878 0 2.53e-05 0.001063533 0.001012889 0.001468689 0.000810311 0 0.001721911 0.0025069 0.002608189 0 0.000253222 0.063406852 0.001012889 2.53e-05 0.048973184 0.012762402 0.010255501 0.013800613 0.027499937 0 0 0.000177256 0.00967309 0.015978324 0.001342078 0.000253222 0.051935884 0.02514497 0.000481122 0.0027348 0.000151933 0.005064445 0.049454306 0 0.069534831
ZMBVNFM-02 0.09763467 0.096462152 0.000248033 2.25e-05 0.131389659 0.034634377 0 0.003337167 0.003314618 0 0.001398002 0.00843311 0.000293129 0.000699001 9.02e-05 0.001736229 0.000496065 0.000924485 0.001961713 0 0 0.041804776 0.000608807 2.25e-05 0.07519899 0.004419491 0.009831112 0.03573925 0.01943674 0.004194007 2.25e-05 4.51e-05 0.009515434 0.006584139 0.008658594 6.76e-05 0.03316873 0.077611671 0.00042842 0.001037227 0.004396942 0.001307809 0.043112584 0.000135291 0.137703218
ZMGT937-01 0.000300926 0.000486111 2.31e-05 0 0.038402778 0 0 0.03974537 0.022708333 0 0 0.001064815 0 0.000625 0.000115741 0 0.034097222 0.002662037 0.00912037 0.000578704 0 0.128634259 6.94e-05 0 0.10974537 6.94e-05 0.000277778 0.002638889 6.94e-05 4.63e-05 0.450532407 0 0.011597222 0.003935185 0.001805556 4.63e-05 0.04587963 0.000300926 4.63e-05 2.31e-05 0.01849537 0.021180556 0.034282407 0 0.00337963
ZMS5W76-02 0 0.00153303 0 0 0.028523646 4.65e-05 0.001347208 0.072052402 0.017420793 0 0 0.004041624 0 0.002229862 0.001625941 0.000557465 0.023134814 0.071773669 0.038697389 0.000789743 4.65e-05 0.115163059 0.00204404 0.000418099 0.092399889 0 0.002415683 0.005667565 0.000325188 0 0 0 0.021276596 0.000232277 0.114466227 0.001300753 0.034284122 0.010406021 9.29e-05 0.00929109 0.000185822 0.003855802 0.083062343 0 0.012868159
ZN3TBJM-01 0.000547512 0.006691812 6.08e-05 0.000182504 0.654945857 0.000608347 0 0.05767125 0.000669181 0.000243339 6.08e-05 0.00182504 0.000486677 0.000547512 0.000730016 0 0.00091252 0.004258426 0.009186032 0 0.000182504 0.016364521 0.000365008 6.08e-05 0.052196131 0.00079085 0.004258426 0.014721986 0 0.003224237 0.000669181 0.000243339 0.0122886 0.004380095 6.08e-05 6.08e-05 0.005961796 0.01831123 6.08e-05 0.000304173 0.006874316 0.00182504 0.058218761 0 0.050492761
ZN9TKCJ-01 0.010187121 0.041391882 0.001608493 0.000160849 0.309045091 0.000214466 0.000321699 0.09441853 0.001394027 0.000160849 0.022733366 0.000428931 0.005897807 0.003538684 0.000965096 0 0.003538684 0.004021232 0.005683341 0.000321699 0 0.136882741 0.000536164 0.000321699 0.094901078 0.000857863 0.030400515 0.007559916 0.013564956 5.36e-05 0.000107233 0.000160849 0.013350491 0.032545172 0.000268082 0 0.030561364 0.020964023 0.000214466 0.00075063 5.36e-05 0.001072329 0.060372098 0.004021232 0.01726449
ZNDMXI3-01 0 0.016135025 0 0 0.532561966 5.31e-05 0.000265379 0.007112149 0.000796136 0 0.0044849 0.003662226 0.000132689 0.000849212 0.000212303 0.008784035 0.001379969 0.002813014 0.001645348 0.000132689 0 0.100313147 0.001273818 0 0.034366541 0 0.00087575 0.037683775 2.65e-05 0.013481238 5.31e-05 0 0.018894963 0 0.00374184 0.000159227 0.000132689 7.96e-05 0 0 2.65e-05 0.001539196 0.018470357 2.65e-05 0.003370309
ZNED4XZ-01 0.002524992 0.001494383 0.000257652 0 0.315469442 0 0 0.003916315 0.003091827 0 0.000103061 0.00221581 5.15e-05 0.023910131 0.000979079 0 0.078171699 0.004792332 0.000103061 0 0 0.022055035 0.002473462 0 0.008141812 0 0.004277028 0.032515717 0 0.015046893 0.06008451 0 0.002782645 0 5.15e-05 0 5.15e-05 0.000103061 0 0.002988766 0 0.001442853 0.006132124 0 0.008244873
ZNQOVZV-01 0 0.065605032 0.000100365 0 0.55207253 0 0 0.037804021 0.000602188 0 0.000401459 3.35e-05 0.000468368 0.010571744 0.006590613 0 0.002107658 0.005419692 0.006122244 0.00013382 0.000334549 0.031179954 0.001037101 0.000167274 0.035027266 0.006624067 0.007058981 0.023819879 0 0 0.035562544 3.35e-05 0.009568097 0.004683684 0.001706199 3.35e-05 0.014385601 0.000903282 0.000267639 0.000401459 0 0.000769462 0.024890435 0 0.022950052
ZO5QFNX-1012 0.000314619 0.02918968 0.000244704 0.000279662 0.531426973 0.021429071 0.000244704 0.014367615 0.000804027 0 0.000104873 0.000524366 0.000209746 0.0018178 0.001608054 0.000419492 0.003181151 0.002167377 0.000629239 0.000104873 0 0.093057401 0.0018178 6.99e-05 0.049674893 0.002237293 0.01307418 0.024225687 0.000279662 0.005033909 6.99e-05 0 0.013913165 0.010976718 0 6.99e-05 0.016045585 0.000699154 0.000174789 0.000978816 0.000244704 0.0009089 0.080018178 0 0.025868699
ZO94RDZ-02 0.004459525 0.018856035 0.000290839 0.000581677 0.588511876 0 0.001163354 0.040038778 0.001696558 0 0.007125545 0.000290839 0.004459525 0.004314106 0.0095492 9.69e-05 0.008095007 0.003150751 0.006349976 0.001260301 0.000193892 0.089626757 0.017692681 0.000290839 0.028647601 0.000872516 0.021376636 0.015608337 0.001308774 0 0 0.000290839 0.017498788 0.007270965 9.69e-05 0 0.024866699 0.004556471 0.000339312 0.002472128 0.000145419 0.00063015 0.027920504 0 0.015317499
ZO9UWDL-01 0.001502705 0.051843318 0.000250451 0.000350631 0.322029653 0.002153877 0 0.017581647 0.001803246 0.003756762 0.015828491 0 5.01e-05 0.002254057 0.000300541 0 0.007914246 0.002855139 0.004658385 0.003255861 5.01e-05 0.136645963 0.000350631 0 0.073732719 0.000801443 0.041725105 0.058054498 0.000550992 0.008014426 0.003506311 0.001853336 0.013774795 0.002855139 0.000601082 0.00015027 0.02454418 0.009767582 0.00015027 0.002103787 0.015177319 0.014676418 0.079042276 0.005259467 0.051943498
ZODIOFW-03 0.00855549 0.01804967 0 0 0.521643512 0.003701121 0 0.049482379 0.001180068 0 0.000402296 0.000268197 0.000107279 0.002172397 0 2.68e-05 0.000455935 0.008957786 0.01992705 0.001287346 0.000187738 0.0171378 0.000777772 0 0.134205868 0 0 0.067880706 0.003459744 0.007268144 0.000482755 0 0.001019149 0.007080406 0.009628279 0.001582363 0.012793005 0 0 0.005149386 0.013490318 0.014563107 0.034114681 0 0.001206887
ZOQM06Q-1011 0.13624261 0.000112821 0 0 0.582156234 2.26e-05 0.001015389 0.022970351 0.006633873 0 0 0.001872828 0.001805136 0.006859515 0 0 0 0 0.005911819 0.000203078 0.001241031 0.049934564 0.001624622 0 0.017893407 0 2.26e-05 0.132700032 0 0.005031816 0 0 0.005934383 0 0.002053342 0 0 0.000225642 0 6.77e-05 0.002278984 0 0.009070806 0 0.001331288
ZOQSGYW-03 0.000138773 0.005897863 0 0 0.361504302 0 0.00020816 0.077504857 0.001734666 0.000763253 0.000971413 0.001248959 0.000277546 0.002844852 0.000485706 0.000138773 0.00020816 0.009922287 0.008326395 0.002428532 0 0.074590619 0.000138773 0 0.163544269 0.001248959 0.012212046 0.003955037 0 0.009436581 0.009783514 6.94e-05 0.032611712 0.012003886 0.00020816 0 0.018040522 0.007979462 0.000277546 0.00020816 0.002636692 0.000485706 0.138218152 0.000485706 0.036289203
ZPDABJR-3011 0.000482092 0.037542936 0.000120523 0.00014061 0.077717293 0.000843661 0.000180785 0.012273266 0.000482092 0.0007834 0.015667999 0.000421831 0.000763313 0.001225318 0.002008718 4.02e-05 0.003113513 0.013960589 0.004218307 0.000200872 0.01558765 0.185364482 0.000241046 4.02e-05 0.05417512 0.004278569 0.01295623 0.056846715 0.002089067 0.009641846 0.000180785 4.02e-05 0.010364984 2.01e-05 8.03e-05 0 0.043830223 0.012755358 0 0.000301308 0.010063676 0.014161461 0.128236547 0.001044533 0.029126409
ZPEL6L3-1012 0.002460249 0.011663402 4.56e-05 0.000683402 0.310583626 0.007836348 0.000227801 0.01954531 0.000546722 0.001002324 0.003006971 9.11e-05 4.56e-05 0.001093444 0.000728963 0 0.003599253 0.009066472 0.00277917 0 4.56e-05 0.131577748 0 4.56e-05 0.072759579 0.002004647 0.02797394 0.034899084 0.001594606 0.002141328 0 0.000455602 0.002460249 0.002414689 9.11e-05 9.11e-05 0.077725637 0.007152945 0.000227801 0.000364481 0.006241742 0.011663402 0.083876259 0.017722903 0.083101736
ZPF36E2-01 5.56e-05 0.003114095 9.73e-05 0 0.351281089 0.002947269 0 0.00553308 0.000667306 0 0.000291946 0.000583893 0.000458773 0.001904603 0.000987057 0.00182119 0 0.001668265 0.003030682 9.73e-05 0.000111218 0.077643853 0.000861937 8.34e-05 0.406278239 2.78e-05 0.00653404 0.004657241 0.001529243 0.008202305 2.78e-05 4.17e-05 0.001362417 0.001723874 0.000931448 0.000305849 0.010148615 0.000347555 8.34e-05 0.000264142 0.001473634 0.001334612 0.073890256 0 0.018392626
ZPMBHPS-01 0.00011274 0.020124014 0.000169109 0 0.482243517 0.014036077 0.00011274 0.004565953 0.000732807 0 0 0.000394589 0.00011274 0.013641488 0.000338219 0 0.000845547 0.007328072 0.000789177 0 0.000281849 0.025873732 5.64e-05 0 0.017531003 0.005749718 0.006144307 0.019954904 0.000507328 0 0.00011274 5.64e-05 0.095941375 0.00276212 0.011104848 0.011499436 0.068151071 0.001240135 5.64e-05 0 0.000281849 0.000507328 0.033483653 0.000169109 0.009582864
ZPXU188-01 0.001129688 0.016870011 0.001656876 0.000225938 0.421147763 0 0.000903751 0.005196566 0.00030125 0 0.012200633 0 0 0.003916252 0.000451875 0 0.01152282 0.001430938 0.000677813 0.000903751 0.000225938 0.00474469 0.002334689 0.000225938 0.017999699 0.066124416 0.061982226 0.029974394 0.002259376 0.014384696 0 0.000225938 0.002786564 0.003087814 7.53e-05 0 0.033890646 0.03607471 7.53e-05 0.000979063 0.015439072 0.002259376 0.053773159 0.003313752 0.069588793
ZQFL1P3-01 0 0.014621815 0.000344719 8.62e-05 0.352819511 0.0032461 8.62e-05 0.011088449 2.87e-05 0.002125765 0.060957743 0 0.000201086 0.004596248 0.000143633 0.000229812 0.000861797 0.000258539 0.000373445 0 0.000172359 0.18037402 0.000660711 0 0.038091408 0.001838499 0.015857057 0.026141162 5.75e-05 0 0 0.000229812 0.018384993 0.010427738 0.000718164 0 0.046939186 0.003734452 0.000201086 0.000976703 0.003217374 0.025336819 0.033294074 0.001953406 0.036023096
ZQMVU4Q-01 0.040038556 0.015867131 0.001853637 0.0008156 0.507896493 0 0 0.028694298 0.000889746 0 0.008007711 0 0.002669237 0.101950026 0.008304293 0 0 0 0 0.004819456 0.001186328 0.007562838 0.069029436 0 0.013568622 0 0.017572477 0.025802625 0.025209461 0 0.000667309 0 0.0016312 0.000148291 0 0.000222436 0.000222436 0 0.000222436 0.002150219 0 0 0.032846445 0 0.076295692
ZQNZSQF-01 0.000586209 0.039569136 0.000659486 0.000366381 0.120905694 0 0.000439657 0.024474243 0.001099143 0.014288855 0.001025866 0.001978457 0 0.003956914 0.003077599 0.000219829 0.00095259 0.001245695 0.002271562 0 7.33e-05 0.178354217 0.00095259 0 0.084780538 0 0.014362131 0.21894922 0.030556166 0.008793141 0 7.33e-05 0.021250092 0.015461274 7.33e-05 0 0.072103759 0.003956914 0 0 0.001685352 0.007620723 0.07342273 0 0.049388144
ZR3WH7V-01 0.002830249 0.018010678 6.43e-05 6.43e-05 0.633954416 0.002058363 0.000257295 0.011020819 0.001415125 0.002787367 4.29e-05 0 2.14e-05 0.001436566 0.001393683 0.000343061 0.000707562 0.002894573 0.001286477 4.29e-05 0 0.022942173 8.58e-05 2.14e-05 0.086622784 0.001436566 0.008297777 0.011749823 0.006389502 0.007097065 0 0 0.004138168 0.000857651 8.58e-05 2.14e-05 0.005917794 0.007933275 0.000107206 6.43e-05 0.001200712 0.001458007 0.069426875 0.027980874 0.024378739
ZR47VBL-02 1.96e-05 0.025031841 0 0 0.487508573 0.003027334 0.000293916 0.011492113 0.00251788 0.002576663 0.008827275 0.001234447 0.000186147 0.000715195 0.003350642 0.003066523 0.001841873 0.004839816 0.002841187 1.96e-05 3.92e-05 0.11720388 0.000293916 5.88e-05 0.094631135 0 0.008984031 0.035044577 0.018399138 0.006897227 0 9.8e-06 0.003732732 0.002899971 0.000117566 0.000195944 0.011305966 0.006035074 9.8e-06 0.00055844 0.000754384 0.00042128 0.042980308 0 0.03073381
ZRA5YD8-01 0.000172488 0.014057784 5.75e-05 2.87e-05 0.736265632 0 0.000172488 0.00232859 0 0 0.000114992 8.62e-05 2.87e-05 0.004053471 0.00043122 2.87e-05 5.75e-05 0.000229984 0.000316228 2.87e-05 0 0.006525801 0.000201236 0 0.007675722 0.000776197 0.004340952 0.01178669 0.020094868 0.006037085 2.87e-05 2.87e-05 0.005950841 2.87e-05 5.75e-05 0.000258732 0 0.000517464 0 2.87e-05 0.000488716 5.75e-05 0.006324565 0.166882277 0.003162283
ZRB0F6P-6011 0 0.005817835 0.000381497 0.000190749 0.029184549 0.283738674 0.000381497 0.019837864 0.000762995 9.54e-05 0.000381497 0.000953743 0.000190749 0.001812113 0.000762995 0 0.004482594 0.003624225 0.006771578 0.000286123 0.003051979 0.096804959 9.54e-05 9.54e-05 0.064663805 0.000286123 0.02393896 0.005340963 0.00152599 0.018502623 0 0.000190749 0.021936099 0 9.54e-05 9.54e-05 0.026609442 0.161278016 0.000190749 0.000762995 0.005340963 0.001335241 0.086218407 0.009251311 0.081640439
ZRLZ98T-6011 0 0.493067833 0.001116591 0 0.016097516 0.007443938 9.3e-05 0.010328464 0.000558295 0.000651345 0.00595515 0.004931609 0.000279148 0 0.000465246 0.003442821 0.001860984 0.002326231 0.000837443 9.3e-05 0.002047083 0.023262306 0 0 0.018423746 0.000558295 0.036661394 0.00362892 0 0.006606495 0 0 0.008560529 0.002605378 0.000558295 0 0.050060482 0.078161347 0.001674886 0.008746627 0.002884526 0.005769052 0.026053782 0 0.153717316
ZS78KHV-01 0 0.011877529 0.000175963 0 0.243357382 0.001495689 0.000175963 0.019795882 0.001143762 0.001583671 0 0.00105578 0 0.002023579 0.002815414 0.000351927 0.004223122 0.021643498 0.00466303 0 0.00519092 0.26086574 0.000175963 0 0.085958121 0.001583671 0.01293331 0.005894774 0.000879817 0 0.036952314 8.8e-05 0.033784973 0.005630829 0.000439908 0 0.00879817 0.037040296 0.000175963 0.000967799 0.001847616 0.001935597 0.081471054 0 0.050237551
ZSOZWGV-01 0.012882335 0.006313043 0.000535793 0.000372726 0.498776994 0 0 0.067300301 0.000605679 0 0.005521001 0.000489203 0.000815338 0.009853938 0.007198267 0 0.00291192 0.003401123 0.004239756 4.66e-05 4.66e-05 0.046753791 0.002119878 0.000186363 0.068418478 0 0.011438023 0.023015818 0.023598202 0.089966688 0.00034943 2.33e-05 0.012486314 0.003447714 0.000186363 0 0.038786778 0.000465907 4.66e-05 0.000139772 0.000396021 0.001514199 0.024087404 0 0.021431733
ZSQNUZ5-02 0.043138737 0.041438378 0.000125953 6.3e-05 0.459411802 0.010642988 0.001196549 0.023301215 0.000377858 0.001700359 0.000188929 0 0.000629763 0.000755715 0.005793816 0 0.003148813 0.004093457 0.004534291 0.000125953 0 0.075634486 0.000125953 0.000125953 0.137351219 0.004030481 0.011209774 0.031865987 0.000251905 0.015303231 0 0 0.009131557 0.005352982 0.000881668 0 0.018200139 0.006990365 0.000125953 0.000440834 6.3e-05 0.001385478 0.035266704 0 0.018766925
ZSUQ08V-01 0.010127055 0.00941704 0.001158445 3.74e-05 0.185351271 0 0 0.084828102 0.000971599 0.000859492 0.000710015 0.000149477 0 0.003849028 0.003624813 0 0.002279522 0.011846039 0.018497758 0.000186846 0.0004858 0.053437967 0.001681614 0 0.295852018 0 0.005418535 0.021786248 0.004110613 0 0.000149477 0.000822123 0.008931241 0.024289985 0.001307922 0 0.023804185 0.017115097 0 0.00190583 0.021188341 0.003363229 0.079409567 0 0.028400598
ZTJ7L7Z-01 0 0.015365867 2.65e-05 0.000158957 0.159487098 0.002066444 7.95e-05 0.043660255 0.002172416 7.95e-05 0.000503365 0.000715308 0 0.000688815 0.001298151 7.95e-05 0.00193398 0.017379325 0.003947438 2.65e-05 0.00174853 0.055979442 0.000132464 0 0.049409209 0.000953743 0.011550893 0.005192603 0.000105971 0 0.362237058 0 0.023313729 0.022280507 0.000158957 0 0.017432311 0.01557781 0.000211943 0.000582843 0.002172416 0.000794786 0.074842367 0 0.085889896
ZTL5S2Y-01 0 0.062931079 0.000207437 0.000337084 0.69291604 0.034693772 5.19e-05 0.043302391 0.000570451 0.00243738 0.003293056 0.000259296 0.000103718 0.00855676 0.003422704 0 0.000803817 0.001426127 0.000492662 5.19e-05 0.000129648 0.014494633 0.000751958 0.000181507 0.023492195 0.001659493 0.005523 0.011227506 0.001452056 0.01283514 0.000881606 0 0.001114972 0.023466266 7.78e-05 0 0.004174662 0.001270549 2.59e-05 0.000181507 0.000337084 0.00059638 0.022325364 2.59e-05 0.010605196
ZTL8083-01 0.002774517 0.005442322 0.000391278 0.00241881 0.115249173 0.004944332 3.56e-05 0.037953971 0.00049799 0.000213424 0.002134244 0.011845054 0.003557073 0.000782556 0.001031551 0.004410771 0.048660762 0 0.011809483 3.56e-05 0.000248995 0.021733717 0.003770498 7.11e-05 0.154554832 0.000248995 0.034788176 0.007612137 0.001565112 0.000604702 0 3.56e-05 0.014619571 0.178067086 0.02721161 0.000177854 0.000355707 0.032689503 0.000284566 0.002810088 0.001814107 0.002063102 0.08647245 7.11e-05 0.064845445
ZTLIFAS-01 0.004704585 0.058255735 0.000324454 0.00017845 0.688118491 0.015898251 0.000243341 0.014129976 0.00017845 0.002514519 1.62e-05 0.00017845 0.000113559 0.00155738 0.001411375 0 0.002644301 0.004412576 0.003666331 4.87e-05 0.005483274 0.00575906 0.004282794 9.73e-05 0.021040849 0.007267772 0.022225106 0.016384932 0.005483274 0 3.24e-05 8.11e-05 0.00827358 0.001086921 1.62e-05 0 0.002984978 0.002060284 0.000697576 0.000616463 0.002092729 6.49e-05 0.022046657 0.000924694 0.045618247
ZTLUDS8-1023 0 0.078731213 8.74e-05 8.74e-05 0.499038798 0.011359664 0.000174764 0.053390423 0.00087382 0.001922405 0.001572877 0.003320517 0.00087382 0.000174764 0.000699056 0.000262146 0.012932541 0.00602936 0.007951765 0 0.000262146 0.036001398 0.001922405 0 0.092275428 0.001398113 0.028224397 0.007864383 0 0.005330304 0.00043691 0 0.003932192 0 0.000174764 0 0.016777351 0.016777351 0.000961202 0.001135966 0.004019574 0.000349528 0.020971688 0.018088081 0.049545613
ZTMFN3O-01 0 0.174505248 0.001041583 0.000240365 0.197420079 0 0.000801218 0.006810352 0.002804262 0.0080923 0.00088134 0.004647064 0.001762679 0.002403654 0.002804262 0.001121705 0.002964506 0 0.002403654 0.000480731 0.000160244 0.189167535 0.007291082 0.000480731 0.046550757 0.003445237 0.064658281 0.039339796 0.00088134 0.012258633 0 0.00088134 0.001762679 0.000640974 0.000160244 0.000160244 0.002323532 0.007531448 0.000240365 0.005047672 0.002003045 0.000560852 0.009294127 0.003365115 0.104719173
ZTTL3YH-01 0.001178701 1.59e-05 6.37e-05 3.19e-05 0.888469441 0 0 0.005941288 0.000159284 0 0.000541565 0 4.78e-05 0.00089199 0.005590863 0 0.000876061 1.59e-05 0 0 3.19e-05 0.01707523 0.001720266 1.59e-05 0.008394259 1.59e-05 0.0024689 0.024147433 0 0.005017442 0.000812348 3.19e-05 6.37e-05 3.19e-05 0.000175212 4.78e-05 0 0.00058935 3.19e-05 0 0.00157691 0.000445995 0.007677482 0 0.007311129
ZTUO1AO-01 0.007484277 0.001540881 0.000157233 0 0.199025157 0 0.000125786 0.186981132 0.001792453 0 0.001132075 0 0.000314465 0.040974843 0.001477987 3.14e-05 0.002767296 0 0.040251572 0.001069182 0.001100629 0.097735849 0.001257862 0.000408805 0.161100629 0 0.001949686 0 0 0 0 0 0.071698113 0 0.001761006 0.000314465 0 0.000125786 3.14e-05 3.14e-05 0.044339623 0 0.093962264 0 0.013616352
ZTXWLP3-02 0 0.04481477 9.14e-05 0.000182793 0.091091884 0.004387034 0 0.032598099 0.002132586 0.000548379 0.004722155 0.000396052 0.000152328 0.013343895 0.000365586 0.001096758 0.005788447 0.006275896 0.008256154 0.00027419 0 0.081738971 6.09e-05 9.14e-05 0.110010968 0.000974896 0.01215574 0.020076773 3.05e-05 0 0 0.000121862 0.042225201 0.016877894 0.00149281 0 0.070801852 0.157171582 0.000731172 0.000335121 0.000121862 0.00325981 0.086065074 0.000182793 0.125517914
ZUC2YGO-1012 0 3.67e-05 0 0 0.888017014 0 0 0 0 0 0 0 0 0 0 0 0 0 0 0 0 1.83e-05 0 0 5.5e-05 0 0 1.83e-05 0.00225506 0.034577589 1.83e-05 0 1.83e-05 0 7.33e-05 0.002401731 0 0.025649017 0 0 0.010193605 0 9.17e-05 0 0
ZUF48YS-01 0.001327479 0.040743388 0.002246503 0 0.131420402 0.007658532 0.000714796 0.023792505 0.001429593 0.002552844 0.001531706 0.002654958 0.000612683 0.005105688 0.000204228 0.001225365 0.05003574 0.002859185 0.001940161 0.000102114 0.000408455 0.117532932 0.003369754 0 0.050239967 0.001021138 0.069539467 0.042989891 0.004799346 0 0.000204228 0.002961299 0.031246809 0.012764219 0.006943735 0 0.125804146 0.012764219 0.000204228 0.001429593 0.001225365 0.004697233 0.056060451 0 0.162462984
ZUG7QHE-01 0 0.035624587 0.000991408 0.000198282 0.028949108 0.016060806 0.000396563 0.043291474 0.001652346 0.001454065 0.00257766 0.005287508 0 0.00171844 0.000660939 0.000793126 0.01989425 0.00290813 0.002247191 0.00085922 0 0.043952412 0.002247191 0.000396563 0.093390615 0.00376735 0.120423001 0.00720423 0 0 0.000198282 0.000198282 0.013483146 0.006477198 0.001255783 6.61e-05 0.040713814 0.059881031 0.000396563 0.002247191 0.001255783 0.000727032 0.051883675 0 0.361731659
ZUL3S6O-2012 0 0.0812778 0 8.09e-05 0.368540235 0.021107966 0.001051355 0.004043672 0.000566114 0.000485241 0.00024262 0.001536595 0.000161747 0.000566114 0.000161747 0 0 0.001051355 0.000566114 0 0 0.099474323 0.000323494 8.09e-05 0.149211484 0.002102709 0.009057825 0.006065507 0.002668823 0 0.022968055 0.000485241 0.050869389 0.003801051 0.002507076 0.000404367 0.022401941 0.002911444 0 0.000566114 0.000323494 0.000404367 0.025394258 0 0.059765467
ZUPAQVU-01 4.28e-05 0.003212679 0 0.000257014 0.00621118 0 0 0.006596702 0.001113729 0.000128507 0.006168344 0.006339687 0.001113729 0.001156565 0.000471193 0.000214179 0.003255515 0.001884772 0.002655815 0 0.000728207 0.550867423 0.000257014 0 0.021417862 0.000128507 0.00681088 0.002527308 0.005440137 8.57e-05 0.000942386 4.28e-05 0.042792889 0.016020561 0.019618762 0.182437353 0.036410366 0.006039837 8.57e-05 0.001285072 0 0.0011994 0.053458985 0 0.00591133
ZV14SIB-01 0 0.004450023 0.000171155 0.000684619 0.05288681 0.013121862 5.71e-05 0.01340712 0.001141031 0.000627567 0 0.000855774 0.000228206 0.000171155 0.000456413 0 0.003708352 0.004507074 0.002396166 0 0.013977636 0.053913738 0.000228206 0 0.061558649 0.006960292 0.031948882 0.002510269 0.009698768 0.000228206 0 0.000342309 0.016830215 0.002053857 0.000114103 0.000228206 0.123345504 0.340883158 0 0.001426289 0.001312186 0.002339115 0.060303514 0.000627567 0.069659973
ZVGW5FI-01 0 0.001682565 0 0 0.645340268 0 0 0.015393387 1.39e-05 0 1.39e-05 0.002280502 0.000292015 0.004435854 1.39e-05 4.17e-05 0.018216203 0.002141447 0.003267792 0.00015296 4.17e-05 0.11499847 0.000486692 0 0.107253108 0.002030203 0.003295603 0.01130517 0.017340156 0 0 0 0.003657146 0.003003588 5.56e-05 5.56e-05 0.017159385 0.002322218 9.73e-05 0 0.00015296 0.001891148 0.01646411 0 0.002739383
ZVM4N7A-01 0 0.019523367 0 0 0.542890184 0.005011224 2.27e-05 0.087435659 0.00104306 0 6.8e-05 0.003333258 6.8e-05 0.000317453 0.000226752 4.54e-05 0.000181402 0.011768441 0.012811501 2.27e-05 6.8e-05 0.020815855 0.000566881 9.07e-05 0.094102175 0.001179112 0.000317453 0.01376386 0 0.000430829 2.27e-05 0 0.00911544 0.031904038 0.000113376 2.27e-05 0.029591166 0.003469309 0.000317453 0.000430829 0.014126664 0.006303712 0.037572844 0 0.009364867
ZVNCGHM-1011 0.002512154 0.114140169 2.33e-05 0.000162825 0.395803773 0.015026401 0 0.008234282 0.002488893 0 0.000883906 0.007117769 9.3e-05 0.00069782 9.3e-05 0.000232607 2.33e-05 0.001791073 0.004349748 0 2.33e-05 0.02214417 9.3e-05 4.65e-05 0.040775976 0.007629504 0.004000837 0.012188598 0.025982182 0.008234282 0 2.33e-05 0.009141448 0.000209346 0 9.3e-05 0.020725268 0.003582145 9.3e-05 9.3e-05 6.98e-05 0.001488684 0.050010467 0 0.044544207
ZVTCAK9-01 0.009700913 0.009014387 0.000328339 0.001850636 0.079189302 0 0.000596979 0.082204048 8.95e-05 0 0.001402901 0.001970032 0.001402901 0.003134141 0.004089308 5.97e-05 0 0.00202973 0.005104173 0.001552146 0.000477583 0.040684138 0.002865501 5.97e-05 0.03949018 0 0.186675422 0.026267089 0.013312638 0 2.98e-05 0.000895469 0.029013193 0.022118083 0.000716375 0 0.074174676 0.142618351 2.98e-05 0.00749209 0.000268641 0.005283267 0.076114859 0 0.116828846
ZWCZHHY-01 0.006466513 0.006497306 0 0.000277136 0.556612779 0 0.000461894 0.03630485 0.000369515 0 0.000246343 0.00274057 9.24e-05 0.004064665 0.000461894 0 6.16e-05 0.001878368 0.002925327 3.08e-05 0.003233256 0.056905312 0.000338722 0.000184758 0.162925327 0 0.002340262 0.025127021 0 0.003294842 0 0 0.006004619 0.021555042 0.000277136 0 6.16e-05 0.001200924 0.000277136 6.16e-05 0.011331794 0.002925327 0.071839877 0.001077752 0.006774442
ZWFDEY0-01 0.002281022 0.002230333 0 0 0.590607259 0 0 0.030768451 0.000582928 0.000684307 0.005144972 0.000253447 0.000228102 0.000684307 0.001089822 0.008211679 0.000304136 0.0011912 0.001748783 2.53e-05 0 0.05482056 0.000202758 5.07e-05 0.132400649 0.000278792 0.000861719 0.009884428 0.003903082 0.004409976 0 0 0.023038321 0.013534063 5.07e-05 0 0.008287713 2.53e-05 0 7.6e-05 0.004409976 0.00205292 0.029171736 0 0.001647405
ZWHMV5E-01 0 0.0158821 0 4.77e-05 0.53288501 0 4.77e-05 0.016931368 0.003481662 0 0.000572328 0.000667716 0.004864788 0.003004722 0.001383126 0.00023847 0 0 0.004387848 0.002050842 0.000143082 0.217770783 0.000524634 9.54e-05 0.047980159 4.77e-05 0.003767826 0.013592789 0.012209663 0.005532503 9.54e-05 0 0.035627415 0.010206515 0 0 0.002766252 0.008632613 0 0.001096962 0 0.002337006 0.036008966 0 0.014165117
ZWLGEWL-01 9.86e-05 0.0168664 4.93e-05 9.86e-05 0.459683385 0 4.93e-05 0.027666815 0.001084973 0 0.028307935 9.86e-05 0 0.00064112 0.000986339 0 0 0 0.003797406 9.86e-05 9.86e-05 0.130048824 0.000591804 4.93e-05 0.073432954 0.007101642 0.005572816 0.017951373 0 4.93e-05 0 0.000542487 0.030576515 0.004241259 0 0 0.022241949 0.001676777 0 0.00049317 0.003057652 0.000443853 0.029984712 0.013019677 0.020663806
ZX52KVK-01 0.009660597 0.129064432 0.000683936 0.000199481 0.175714571 0 0.000142487 0.082328802 0.001082899 0 0.000398963 0.000170984 0.00042746 0.000455957 0.0021373 0.001082899 0.002849734 0.003505172 0.010914479 2.85e-05 0.000113989 0.096919438 0.000911915 8.55e-05 0.088569719 0.002279787 0.007694281 0.05850503 0.003334188 0.009717591 8.55e-05 2.85e-05 0.026502522 0.042347041 0.00170984 0 0.005357499 0.014191673 0.000968909 0.001652845 0.028867801 0.015417059 0.073010174 0.000455957 0.097061925
ZXKBAO5-04 0.002322307 0.025453947 0.000109715 1.83e-05 0.354599813 1.83e-05 0 0.048731874 0.002249163 0 0.010770384 0.001060581 0.005723481 0.000493719 0.000384004 0.001371441 0 0.002139448 0.005211476 0.000914294 0.001609158 0.035986615 0.000292574 3.66e-05 0.134858376 0 0.006619489 0.013019548 0.000329146 0 5.49e-05 0 0.035584325 0.025380803 0.003437746 0.000128001 0.073564101 0.005394335 0.000566862 0.001024009 0.006564631 0.006363487 0.120083384 1.83e-05 0.051712473
ZXSO14L-02 0.000399481 0.009687406 0 4.99e-05 0.033806052 4.99e-05 0 0.020223709 0.001148507 0.00019974 0.00019974 0.003345651 0 0.004194547 0.001897533 0.001747728 0.000749026 0.008488964 0.006142015 0 0.005742535 0.011235394 9.99e-05 0 0.030210726 0.000898832 0.002247079 0.011235394 0 4.99e-05 0.603565365 0 0.030510337 0.015380006 0.002047338 9.99e-05 0.006142015 0.00274643 0.000649156 0.000249675 0.000349546 0.000399481 0.027863777 0.013682213 0.072605613
ZY1ZKJY-01 0.004124137 0.003505516 5.16e-05 0 0.063666357 0.001340344 5.16e-05 0.025002578 0.007165687 0.000257759 0.000463965 0.068718425 0.003453964 0.000824827 0.000979482 0.018764821 0.013145685 0.010516548 0.010722755 0 0.000257759 0.166254253 0.001701206 0.000103103 0.100422724 0.000206207 0.022579647 0.019074131 0 0.004742757 0.003711723 0.000360862 0.006392412 5.16e-05 5.16e-05 0.000103103 0.055572739 0.007732756 5.16e-05 0.00422724 0 0.007732756 0.08490566 0.217857511 0.032529127
ZY39SN0-01 0.005163205 0.021721068 0.001186944 0.002255193 0.124569733 0 0 0.05851632 0.00148368 0.002848665 0.037863501 0.010207715 0.001721068 0.005578635 0.001246291 0 0.058456973 0.00611276 0.003382789 0.002136499 0.000178042 0.033590504 0.009080119 0 0.073649852 0.001305638 0.068783383 0.032284866 0.016023739 0.005994065 0.003026706 0.002077151 0.009139466 0.064747774 0.000356083 0 0.109614243 0.012225519 0.000593472 0.002255193 0.000296736 0.002967359 0.049376855 5.93e-05 0.102077151
ZYHHR4Z-01 0.000208176 0.089151422 0.008301023 0.000182154 0.318977855 0 0.000364308 0.009003617 0.00013011 0.010252674 0.000312264 0.00039033 0 0.002498113 0.001170991 2.6e-05 0.020115017 0.000442374 0.003304796 0.001197013 0.000182154 0.008691353 0.00361706 0.000208176 0.046345208 0.008665331 0.028259908 0.024096386 0.002888444 0.006427438 0.000364308 0 7.81e-05 0.005880975 0.000754638 0 0.002654245 0.001223035 0.001587343 0.005308491 0.011996149 0.00026022 0.044419579 0.009992454 0.127846158
ZYLJ7R7-01 0 0.00334946 0 0 0.147934499 0 0 0.079828805 0.009117975 0 0.000744325 0.097506513 0.010792706 0.005768515 0 0.002046892 0 0 0.011723111 0.002046892 0.005768515 0.076851507 0.001488649 0.000186081 0.208224786 0 0.001860811 0 0 0.001488649 0 0 0.02307406 0.077409751 0.00334946 0 0.001302568 0 0 0 0 0.001860811 0.177149237 0 0.006698921
ZYU89T9-01 0.003756076 0.005921343 0.000618648 8.84e-05 0.685726911 0 0 0.010428635 8.84e-05 0 4.42e-05 0 0.001237296 0.005612019 0.003579319 0 0.000132567 0 0.0020327 0.000309324 0.001281485 0.069155988 0.019752541 0.000176757 0.049933716 0 0.019001326 0 0 0 0 0.000220946 0.031153336 0 0.001148917 0.00256297 0 0.002783915 4.42e-05 0 8.84e-05 0.000707026 0.049270879 0 0.031506849
